40,5
42,35
14,5
38,4
38,22
38,21
38,20
38,19
38,18
38,17
38,16
38,15
38,14
38,13
38,12
38,11
38,10
38,9
38,8
38,7
38,6
38,5
38,34
38,33
38,32
38,31
38,30
38,29
38,28
38,26
38,25
38,1
38,27
38,3
10,212
10,284
10,68
10,168
10,290
10,232
10,158
10,270
11,10
11,6
11,16
40,7
40,6
11,22
40,1
11,12
40,3
11,26
40,2
39,5
39,4
39,3
9,6
39,2
9,4
39,1
38,64
38,38
38,37
38,36
8,16
8,14
8,12
8,6
8,5
0,318
38,35
36,7
36,5
36,4
36,3
36,1
35,4
35,3
35,1
34,4
34,3
34,2
34,1
33,5
33,4
33,3
33,1
32,5
32,4
32,3
32,1
31,4
31,3
31,1
30,5
30,4
30,3
30,2
30,1
29,4
29,3
29,1
20,3
20,2
20,1
19,3
19,2
19,1
12,3
12,2
12,1
11,29
11,27
11,21
11,19
11,15
11,9
11,7
11,3
11,2
11,1
10,307
10,205
